337019
245942
770395
232250
661490
681064
702103
118016
195075
559398
750854
508158
201100
123467
70842
756382
146025
443597
166491
491800
728279
448817
761500
381518
204461
295396
278548
737222
59668
207423
684946
706044
420941
629112
317424
434094
632574
222935
717825
776057
737429
218031
288587
464733
236147
307041
639611
434298
347031
433953
331777
195022
288266
354960
21121
612818
46974
609086
706937
321883
97940
719160
260484
31573
142667
420528
152357
141994
564862
468912
166099
286389
600991
504878
142297
513451
55137
272026
702496
233670
78882
631509
314432
766865
73608
395609
563061
268812
657876
743755
360532
645524
541015
419149
670278
182367
731001
232623
747624
112697
569846
246779
104382
214768
58430
7717
477554
225767
427916
420945
442547
542209
689519
169824
82934
370715
686063
581326
770029
521744
227479
681082
373921
112080
104147
506664
388524
1367
648652
614094
437656
517194
495256
239088
255737
702781
409091
559052
694430
696296
196504
239431
94482
418790
493004
297036
357598
37751
236571
288959
57617
153238
416907
69138
662882
234169
318491
503187
437873
734485
381218
460924
523524
81957
776050
197134
175669
600922
386513
589832
126527
116129
206771
756265
701348
86484
752546
504880
97588
765485
21101
508886
687710
486780
748571
81147
508630
575205
436949
180274
338259
327269
498746
577888
326263
11164
189291
86936
249927
619118
304284
729487
103874
354680
286337
38707
614284
124974
356840
587967
308157
288785
294066
278802
595298
81174
359162
4845
390372
235031
512142
526958
146109
64848
639866
744690
153406
194245
371380
375293
151733
508693
600758
322273
284680
167221
227988
394717
256306
520059
179420
179203
282338
364954
11102
548000
6522
234661
27890
765957
654160
186159
359794
578945
627509
379387
200948
64299
249550
109339
61751
407010
233597
173252
589687
377065
646943
340113
26870
478203
264188
160121
55092
180311
17761
517637
334172
154052
773557
607471
100646
101551
315599
427887
234180
180175
150848
493897
752201
370624
445292
476331
200902
103883
509318
74499
333970
102066
270977
186924
214800
284541
603694
57628
4531
652000
213872
369675
33911
429908
603151
568854
137602
440477
448641
684970
635124
731597
648447
94158
114091
62575
84624
523215
121708
635374
325001
11588
202067
627846
227538
18875
219236
408170
709177
730921
204390
342509
767110
609854
229594
21382
1799
393537
75318
463463
168766
231164
478056
532629
97607
148716
146929
512842
624955
639367
180221
418608
33847
47993
273435
675468
36042
303049
465115
419095
111903
56346
516571
399289
91484
131459
723180
222031
626788
570367
126994
376110
502465
353912
171657
19869
627790
705506
53745
480996
393359
274268
697140
224887
510545
244884
118738
424994
475990
285561
256023
672032
257722
274114
758199
9309
273464
502432
178939
613073
689393
343791
617172
774117
114987
441716
191066
687365
116555
127485
725698
366321
345400
37601
697724
23317
25824
737570
466233
626102
538878
92777
403182
321222
736759
33586
395482
526768
63210
527184
127476
623870
295530
77707
215282
508775
128308
175887
339644
618265
329065
681151
402809
597077
738002
740861
696132
520288
561980
498685
754496
587464
388677
248587
421129
11311
413147
771333
572814
539765
179715
66811
249269
406281
754469
634544
161992
46571
93880
552703
676236
104013
412915
528141
164489
204958
756793
566361
554675
197837
255839
557985
245182
120268
210875
428221
537526
57221
60220
468747
270923
218187
647680
130005
477830
500529
368837
120603
617735
119599
652202
190694
292345
416266
77085
599941
612054
10211
161124
344847
6252
613861
724473
497961
208660
594266
634565
466747
559102
177119
672485
141979
615132
687239
316565
469804
136035
533488
357402
546228
524726
176876
238311
88725
466758
182093
359446
217093
175076
322463
47149
547298
214117
201891
666608
252416
423913
421574
520384
261514
5416
408752
716662
245954
57199
494041
738475
673133
284612
63491
382916
313742
519782
731645
500399
272175
453365
123657
451463
544933
742783
90498
744436
718842
606891
378007
686589
288690
170811
613434
52911
143229
385905
237945
671428
703567
528851
701426
295529
614613
106252
751043
713390
301766
105068
65048
30694
674375
115202
596569
3040
320212
482579
255103
30269
376126
72547
413291
286483
116588
42317
692445
176474
719027
252584
182048
1635
461814
128912
259148
341040
777201
394983
108662
386845
349460
69802
438532
711401
207339
55792
356464
174417
609809
711087
726870
469309
637308
121287
423362
222514
92253
244295
608604
688407
433688
381488
576401
115183
659275
160592
99271
165874
687726
748046
81446
300154
587216
176499
736816
759839
134984
673142
54697
754676
149559
582953
200047
522611
718301
456044
727756
339804
37045
521111
347417
92076
62352
587297
302957
462908
211880
145491
678778
749847
713349
36211
124718
712796
48248
24643
353559
185206
561441
291944
777702
298851
588593
202027
490802
448032
608749
96085
118299
237358
43409
358481
285726
305261
564931
228647
101644
643973
525193
106777
90645
146074
297233
551250
387083
201086
587917
385815
694420
122974
522914
667373
148831
378612
300352
668385
496675
58337
480462
288824
109908
408618
150306
114809
265368
661054
666987
595375
550597
141937
321408
682541
440808
234606
542869
252841
411536
468163
650108
521976
755874
393774
673900
529932
717116
481563
215862
767701
32916
84707
504804
515489
356067
182939
753538
456350
567558
13013
92559
628868
238075
399672
112900
34570
267491
680825
137447
174
356119
525217
99424
312047
83260
499121
168958
389787
667565
649665
275917
50939
87885
154458
342727
579422
733394
8603
357973
558071
310696
234991
465930
482631
155086
711188
631712
722581
275634
152234
273000
394389
10221
548029
366819
467461
240550
642237
192134
762959
6696
609491
494728
304060
764185
532623
448129
130724
619196
723287
197697
185688
686525
624613
513128
465411
713739
749219
727498
3120
503869
715005
675238
240202
292469
174345
146983
268806
699286
328005
761224
360112
706662
59521
495963
384539
222029
397013
540200
415740
758371
212105
112127
88304
288063
98478
773600
766294
772443
598214
761115
264000
249400
729789
366006
108514
629118
694292
542392
206251
147321
108989
451588
155288
402489
568028
281142
118978
100208
188964
190860
505057
218905
391401
628383
72467
389152
5645
258830
601687
616081
410147
162540
388439
126373
638515
59657
638160
708841
143663
239926
714366
360749
137681
336807
243968
347040
553287
270622
196941
686096
483916
451998
243226
521443
514585
229969
101102
104095
238665
466575
4325
453840
52638
483183
662781
59582
767428
622536
350460
42860
132781
153537
488354
554219
133105
384683
539077
323915
311792
117528
732264
108237
57324
610258
416553
462787
713054
513831
420934
195907
199730
317035
378363
303215
766324
239952
61009
258772
352308
111920
582572
185908
134225
310819
205233
750219
669556
611456
745845
495375
660471
332447
693343
371899
727390
568421
241807
614905
446246
397622
492676
750320
275969
515786
401377
363051
414672
621629
352048
275278
531637
333430
110477
542703
605095
478549
702925
523077
751156
619214
422848
387032
139500
575815
183139
236738
69269
212167
668851
502793
33845
369492
15492
671365
687593
639267
147264
587121
116915
389697
47659
353351
7167
369371
765988
438648
592097
408114
624107
556416
518815
701071
25091
408337
664920
67588
184046
556860
671033
54075
9202
655838
264263
204623
277952
284429
322536
109196
57636
45257
75315
659635
478768
507425
248444
200802
410325
556934
83077
244344
413127
435217
37559
346731
711743
301906
308980
696025
706051
219098
57998
154710
419
704185
121738
222544
650748
557252
729514
47015
761957
190789
631634
379468
188892
772046
579788
482219
566039
562056
477055
679477
333408
700595
281602
109589
38112
516352
500448
145412
392045
637549
209090
567607
437682
111383
126706
541946
695784
738150
252730
32676
6185
282104
628876
661315
2117
260793
302069
221380
305551
14988
705805
72851
567355
488234
395252
700880
473423
264568
216850
557924
97026
6546
37213
283450
686729
328658
346257
389946
446133
194948
255293
600175
304457
225257
385200
491631
284767
390599
632311
81535
280108
398937
175175
272896
349777
539692
353063
273177
762461
91070
768777
425273
208235
352747
87919
476173
705014
120152
97793
25306
450425
484005
320343
220298
319371
539601
190350
275598
468851
231706
359759
181906
630134
130676
615108
45673
110931
216684
373318
237586
376117
140912
628360
745519
296889
660761
237427
128513
451368
84279
54004
18237
617209
167652
121210
576995
102196
350989
662236
46281
342529
240340
21283
42406
123796
474114
15204
689323
328509
550604
43298
728924
343763
648643
79555
281193
97728
450240
439902
714569
247572
192479
423596
555055
609499
5245
61411
732087
266031
10983
673020
446457
545362
280941
639130
106009
407215
695178
377655
243203
485246
426689
600260
65039
493945
730317
86563
771253
83335
427727
165436
689091
296716
366514
34005
317856
590951
536807
633077
666607
43785
644246
197657
703365
68549
157657
728407
137576
644648
417870
306207
370393
450896
617617
183984
564708
452143
159393
299771
154950
360039
544586
236398
521999
369224
376211
74993
774941
673903
532651
456913
318288
541442
38637
676651
571307
110063
211992
654723
563938
100527
305006
364749
459776
754625
152350
164888
722563
294463
659243
558256
68713
71671
537656
52548
454171
48088
140257
538488
476772
735027
643634
643499
450810
424192
585646
454649
547014
775053
398812
416565
653914
69337
49767
669976
769228
293595
579040
554059
494199
309025
375612
402599
732077
137932
527731
329972
559666
581935
534509
193955
556257
83522
739395
140374
468026
358207
694685
507702
445115
144136
58854
127827
655968
707671
286775
262456
230870
260575
60234
115529
4189
420344
366975
703435
5267
55694
435447
494272
672295
537984
124987
27905
633635
162669
613702
517087
576177
725295
169462
640008
628425
391206
176229
613514
215854
772204
208364
627049
421816
251681
8113
335660
604395
419547
349011
524163
716638
262738
99199
513320
236177
245939
173899
142475
261300
707123
190874
205382
199076
600772
50225
636078
621190
585271
184033
41951
194604
109563
62587
101016
226738
447128
356406
681328
701874
632390
84728
33971
346674
593893
641016
404319
64942
94284
626183
343247
684898
266878
446857
386000
185581
348360
659369
705166
215444
705216
78479
623565
226098
69763
63419
351884
161267
522098
611612
232135
485593
345549
372927
529030
724845
759886
62658
413480
217690
678407
95750
171781
128735
429047
708421
513934
651898
736334
511484
480394
322167
664390
150913
7399
247257
559354
268713
98533
77416
597453
559776
520551
420130
156406
227154
477389
605193
342416
246352
238333
573828
172798
475564
482571
761939
265040
675727
478424
611510
533246
664318
539153
473578
550398
190039
493099
537682
229583
667515
475939
580667
21243
306521
524876
337343
191465
380598
274085
498460
11490
88406
178784
540484
527480
62594
379039
387408
740965
755708
163033
476168
297860
380441
312927
542594
437507
9055
538710
570027
268733
579707
368194
433065
490132
520368
534859
474096
737602
331077
77533
734986
775255
498576
141895
544061
178502
731096
98976
82294
64417
510851
217045
552867
714298
111809
268131
321287
526441
734712
662606
20552
706147
503258
571420
462813
296946
662694
360178
466182
723607
772190
527173
270902
326938
651254
252017
371054
201264
580915
686880
753407
158590
570418
492279
455024
681427
272481
674614
657015
368794
690020
612173
210034
369040
575322
587591
231502
30805
656973
486772
685222
283209
516949
258786
385255
441364
343594
503948
359784
666014
744741
136557
240269
432333
393352
219604
387051
760666
486960
541527
500073
616593
235256
423225
484634
88779
719253
120601
306382
742490
289361
545367
690981
58916
461601
164359
454921
112081
10698
446178
483867
405628
690166
365752
380701
581602
572220
10826
417793
373219
345311
405602
710708
215039
645786
141305
310192
89432
225851
766268
269474
745760
681199
203997
55406
191318
97462
213254
692966
586123
733700
630303
273437
358281
21235
263770
433545
383076
217206
527078
46155
416284
755697
213779
508929
53707
282533
710759
750253
286023
670666
447640
115138
686936
375087
179456
314500
345505
194353
520601
614341
481645
723052
613629
143805
238755
641472
341043
419577
257044
628340
653727
9815
442178
509025
769198
134916
147400
537163
603261
10141
265620
181562
2987
4492
149641
8739
549946
627016
709776
656457
174922
573594
399699
330656
437364
211409
643668
502704
168322
709954
99063
4548
529131
388500
414370
417130
271283
85243
76057
334383
379377
286138
229053
647654
515592
164095
317313
316859
627039
664913
290062
415838
391837
184970
155395
331518
73295
161702
614424
756251
315719
26311
393568
486333
437215
640632
228590
713531
269219
257833
642864
554998
388438
157399
187563
691697
464216
296553
539157
143004
686752
43744
370611
433233
419236
630910
737352
468719
331374
182598
623457
56315
144993
295309
159982
27171
84620
770251
300532
642489
369394
198020
738324
489662
662405
198983
565880
13693
224405
759555
182070
219758
269703
646591
56980
688304
245270
214939
536760
157636
245549
238028
720294
746255
489863
75317
57663
267727
749945
734425
107014
402529
670626
510527
324199
448814
752140
168656
344541
508349
297884
253759
656521
298233
692246
706956
681830
755827
687247
94173
672143
263232
99532
646200
534679
490300
326409
755575
391069
362761
576213
291347
739185
633471
693884
326217
668378
35232
66550
655025
129548
597195
563794
104907
406062
217606
776310
231614
7479
433775
81560
757310
143451
487521
226314
111267
691074
387059
165901
178608
729770
604245
507979
229350
330691
326685
80735
745827
422971
242515
288551
222466
289269
722752
442894
524047
48788
687538
606660
47667
362286
292029
728258
50441
361591
25263
423896
129666
156360
285835
116093
398526
232942
121542
231452
625240
623950
585181
119017
234491
542621
643887
53468
46770
725859
765106
314047
147355
423995
173786
332296
183276
704066
556569
170145
568004
426971
643328
84580
35142
83756
285701
760000
716653
772762
522165
508539
370542
440144
75235
314257
294725
620993
726386
274552
185888
444453
653007
366983
161796
481490
247961
258288
239810
371024
193298
772126
293213
623032
497971
296256
200355
401030
644413
37618
389274
241807
81611
288372
6099
542847
238416
560487
603380
541483
546513
373509
266755
580972
714980
429858
129476
339745
53829
526086
182107
719803
577214
613863
350312
72267
700365
757378
427536
557315
253243
502278
209528
581220
405709
58755
540462
237080
52514
413894
409187
228332
55730
508682
460734
312707
770485
438616
776688
172182
452939
78431
263337
198401
71258
75028
241866
116674
539479
775565
55728
84628
54912
575635
95566
639139
173066
612363
25956
78189
627602
642649
344347
124763
423737
532599
504423
237292
75773
572695
165070
26806
353488
630756
684638
39530
202084
696199
623895
143318
145965
269318
763663
231521
406989
700513
85632
318919
758973
691349
436263
520152
456870
408658
765424
541309
307723
392367
437733
222998
305994
507683
776390
620076
605967
100547
549739
315891
545975
376984
359990
463806
74245
222723
435696
601996
553532
25577
230369
402540
105337
765836
474173
708684
418113
337831
330649
69111
640176
181250
663878
534634
143854
171618
173274
292822
568261
447867
197913
66215
678115
574607
134543
606066
128572
165495
434465
399762
471749
654789
123343
88347
498935
163810
196073
769206
260923
585554
429457
458502
606633
737065
578310
751863
166939
176355
459641
108999
496122
352819
725282
183587
85568
101185
679924
362791
771569
362323
225006
719791
136238
89642
86238
345134
496057
55066
132876
403731
532884
267423
201508
239678
376441
315419
418454
524569
175092
193471
140703
404441
533877
48886
360211
162865
190999
1024
195386
303997
238649
755715
410701
145125
360100
682586
593282
173444
307293
247771
406620
121028
19583
329440
53733
24755
359767
725850
652442
653811
101506
194334
492386
27677
441579
459601
349123
251324
601905
501044
663016
189177
141679
670846
519589
464791
322025
672029
183018
142597
49626
639876
454422
455960
401892
32184
80470
7535
151358
718447
190217
276910
739367
161428
124897
533086
66286
756161
774203
729244
277239
626315
660850
467200
754492
329216
468478
34495
454584
91964
292842
62959
302795
705839
669570
751677
360731
703082
608788
524414
313849
178367
312743
473897
325182
58924
28725
386818
270192
622523
278161
374083
401688
108655
256096
610837
108769
418920
154738
31400
653715
375019
503364
340828
367052
244019
104868
711070
626123
245343
166309
533019
627588
264717
362035
283785
243624
597227
157264
676560
702192
274724
491064
514642
220434
70837
474065
402604
114328
27054
251543
541131
65866
643587
760407
543608
5643
287858
619427
700812
499851
622357
96576
392305
666630
659175
762005
766160
761294
330920
727227
38314
509046
398619
521364
239604
138377
658578
302947
769738
236065
462979
693139
750617
709411
585940
711515
468925
459401
623357
548753
703334
323300
711712
358870
18944
443656
573647
213755
314236
697153
507203
665586
42330
413107
255793
711128
707343
640188
77903
777306
731912
276117
170372
493794
196747
761224
536044
217027
582244
180989
619702
626476
310943
762982
297415
359835
62582
446652
628761
358606
123901
195520
441486
10467
222583
692852
693377
682321
615709
670397
457359
620744
133410
105169
201215
225895
480827
181878
707550
646367
606368
463531
429237
25995
246034
606638
359451
360207
44816
182147
419209
211916
512548
773454
306855
537550
225921
603788
150153
707461
628115
434659
270
696152
297840
91413
23716
558436
710786
441650
612299
284552
86882
499615
389189
340370
10702
698002
580507
645809
397240
175204
652869
426049
193285
426771
467155
35554
646637
181580
260685
299703
432102
325149
481717
379345
211261
216165
466729
708008
522293
109989
741238
173909
315664
414116
228207
125882
446297
186021
34784
725495
239461
28804
751482
605265
451255
765727
5324
500355
736879
280857
341883
273045
393729
777512
636110
735771
472878
56380
72958
429935
237103
98185
404876
325080
494564
604400
294554
250828
517309
126273
767854
116670
57494
664067
593397
51181
10701
484615
503794
738354
678691
382465
278968
429154
202343
272085
203583
424772
665529
736224
417268
50464
448551
9376
625827
741634
603692
126200
430604
604051
447730
214743
183156
617250
732987
39761
434722
81639
44534
2598
627235
284362
120510
178254
668923
240360
322965
441747
765652
623530
515512
135069
493836
298413
337759
14013
286747
7441
511261
579648
614466
35004
655620
554281
414122
522738
108689
711738
37216
615456
680439
710223
61394
597248
367649
127224
279039
570178
668157
723032
62684
80234
437305
759052
339761
411003
148237
48043
774189
291779
197935
515501
621786
26112
104894
14600
347774
549312
64716
578117
361082
600865
47537
689081
46698
743690
719235
261110
275748
489275
81158
290850
670794
118446
647186
60770
737049
166613
628538
34279
624988
170679
341328
777318
239296
377707
483758
99010
2969
619640
464849
104780
84567
147030
521171
487918
548865
293594
52295
406354
215718
714159
386212
114054
1462
573652
44943
159693
444863
244319
533585
92029
51540
484790
13986
515112
662695
414036
586588
4310
728453
239465
175126
557908
561934
24140
536064
136661
6198
199389
349220
745145
680153
755771
299951
674555
315957
35260
334960
681941
376893
526875
285339
7676
138162
159353
766757
617537
278233
45823
749386
724253
224091
255373
357213
521340
150485
169610
339096
83855
605693
33434
770359
58107
765254
745062
670595
394485
15388
173716
51937
514152
584128
715390
101256
50263
659121
507145
458659
8125
292471
52206
671729
152546
415217
581535
404080
563394
220063
245151
677611
734977
744198
217534
415206
596590
777083
564214
199752
486081
387015
377062
170841
200930
338488
161075
215591
158342
387594
380129
364886
264903
706819
534423
208746
476441
361679
254283
458752
625189
504033
260103
588555
506108
195296
393903
369158
232674
436401
386822
46250
323358
41756
220712
602632
18089
87245
430602
67857
73897
24095
518463
70033
446609
388355
127254
263408
78549
360963
728327
661461
301209
522862
388519
560117
700884
465890
293255
297543
479908
29245
998
535049
735996
305704
213895
103051
559875
534425
91433
171027
68770
566936
26870
439727
740349
32656
44049
761671
80102
679294
112358
513289
147230
190117
299165
413148
363168
649453
713677
69156
531688
222242
603092
618982
285513
436442
610149
579466
334728
504682
459641
377612
126841
678507
641324
328359
713511
63113
235717
728054
516953
80668
17032
611769
86951
92310
44343
387924
454267
726964
81732
356330
111817
244243
139696
166415
126711
609682
145648
88561
34558
525596
481503
594235
221013
37439
266230
566690
746653
410977
541794
333190
99384
37045
172561
698339
683943
271803
630493
175561
611921
302169
26528
68033
364783
638877
334412
248794
711162
598974
598527
148820
66089
430151
682280
305376
772693
658795
34647
355947
588825
577487
505042
142884
766235
293419
545694
480927
332529
538373
521933
172504
379717
217770
17350
260305
170326
691438
738671
380075
401179
143873
762963
296378
266638
700361
121894
134507
746274
97883
646405
156099
414636
724810
657355
420835
381216
87293
99083
596311
465023
408269
325902
542632
366208
345310
691808
623101
472373
288647
308569
586413
465762
100181
708385
409582
306764
49034
294606
505107
198974
438042
325238
740
417880
158516
236070
431633
274883
606519
366308
723343
30297
239184
28190
371682
95951
707682
77619
749214
215355
767567
759726
156390
329284
746587
243387
259342
342099
769781
144132
328813
753438
90893
116668
299361
468870
439902
251843
112016
364687
284788
70307
501943
167681
637323
325428
7522
453166
503076
20069
87627
678812
506338
724544
252745
63542
313796
461100
146108
655652
577069
340276
105859
235626
555022
734109
358449
289546
90881
103418
423248
354591
332445
386739
332748
548996
243939
724327
84263
481758
651658
174796
278855
292193
106477
192198
268340
356724
215290
100610
414523
418479
143006
417711
22976
556565
83726
535376
159784
716310
615707
243953
137898
322577
539458
775046
701995
700943
60543
467059
538450
765282
676668
237142
673551
742171
340717
324411
228949
279911
246365
433335
400196
165569
264134
96788
405480
496810
583254
613672
753688
769797
12159
541101
630022
429818
561319
529226
41639
454144
385679
286861
124159
31419
125392
363926
228026
174689
17566
6609
15324
699432
31595
165077
585397
129203
474111
637450
102069
110664
338647
684415
568868
247585
683768
232889
591688
220665
541410
321246
598636
333481
440165
196069
39647
713262
745057
502625
487842
595251
330603
266914
137953
456267
395394
7300
53859
99176
351183
144539
769916
193832
498844
235396
161026
84444
760088
363743
666740
486013
111108
506816
457159
522494
269134
516389
452455
683522
323509
400093
561131
633577
460442
301706
293406
47630
376360
550099
121617
432757
676960
364678
546164
37100
245445
176267
179505
362511
478167
408558
660055
206039
301673
281291
243155
81907
387190
482955
105336
523821
266606
60449
154086
375704
369549
548678
753037
119935
644230
217326
500693
670836
338830
757808
393173
112747
154507
371992
105007
167035
236216
196882
561868
464708
739467
187845
76791
341088
247004
566820
509043
655035
117089
467132
670995
613476
526766
205933
173069
449665
44103
588932
440139
316346
712715
757471
556210
130071
185322
395034
320526
96919
478556
402187
320845
42041
112094
711380
18996
722527
116139
486603
222593
508812
303985
211059
588644
451701
710332
523238
569785
402577
745734
297111
728207
513897
201029
747040
688201
408116
218947
119695
652733
709174
279540
688031
366428
212396
112619
488255
243861
364513
483353
567832
232249
204969
512123
596167
706189
734392
663575
558304
124267
592106
295387
529590
58394
671208
647338
65146
604964
545748
709968
215730
686632
297854
492000
731467
55608
762476
394248
633038
339905
206352
706662
553258
481087
228287
157737
476042
310406
620312
107899
664840
1981
157653
661912
646032
182264
647225
23301
68809
125555
219462
78422
581136
380787
306300
342860
159677
612608
393154
292539
745057
593838
625919
343417
180225
110515
265955
501271
532185
740942
742425
607142
524414
14807
150448
330025
483490
560880
540853
497151
435977
438001
205421
720338
168832
89624
422173
647031
553921
254813
358087
63797
184009
164642
37786
224024
128968
557151
415944
652853
487222
317099
364540
47458
414077
622114
71917
291442
68355
45087
434195
232954
126538
264862
310816
779
573718
462567
456423
686945
497622
252759
425477
45581
689925
174824
53549
168358
516753
577542
662338
443081
551467
357405
756403
438270
692806
132953
428106
175019
173724
430972
131069
103604
417418
97554
185814
604902
268319
695257
528254
567802
678320
166757
687868
736691
431143
494188
91039
225266
518746
707094
251067
384487
756188
375553
283271
160847
1505
399362
746769
412457
160942
561710
357509
664900
752785
737377
507294
130446
334158
541801
241335
166564
546486
318883
260392
424429
558881
322299
46533
108251
166914
592009
238352
151768
433092
41828
130090
193870
302539
544435
221221
83600
402313
469714
711376
449667
61200
765699
389605
674519
430129
773872
512913
157097
70082
658273
290713
25095
566418
95409
734001
369098
419348
504650
226239
34199
286558
556882
732392
131573
472987
591153
400870
369252
529366
590074
309722
27278
124507
185715
90455
566667
277494
384513
63691
560810
173710
319114
752256
700354
544579
341111
327540
165846
662470
308520
244035
648400
728807
549202
356345
169043
670691
684101
722227
634421
34608
159617
2273
541160
740496
292446
1476
109260
575096
143106
183709
54918
383384
480590
257163
581624
481459
682393
606675
670885
42300
376164
321957
20620
310021
10641
85006
68124
226316
40375
700115
513613
584414
437903
638010
216421
185935
98844
552523
375244
736881
28133
20293
583030
458071
62248
710083
645507
732804
652157
405513
521001
226527
601601
491703
567780
240140
18231
298156
660021
216583
403476
443305
689301
158410
33514
494723
136238
107806
569364
193325
465298
691035
440611
256349
171572
511085
756287
327884
731283
387364
321034
643271
554132
429140
380084
235036
87720
281067
327571
529962
627475
435772
734712
763529
483456
213229
375055
700332
176904
227726
326716
313216
614202
703109
772793
674108
467467
107737
146987
459861
620182
504762
145209
256418
286105
46800
407476
774383
188089
241662
421713
383862
680006
193086
495040
349724
55717
216712
587937
420738
498180
561243
313513
190364
688452
337160
493852
751758
91033
137444
739414
456272
654104
644834
241693
364769
194657
375740
534057
543741
467467
680027
146956
384616
276443
596731
8509
762396
124602
50673
329266
311137
537794
46589
570095
616986
557768
242140
343723
748816
223579
457631
58209
355559
394573
20725
144852
54557
407059
277659
350943
93038
24647
419198
659346
706490
477710
76851
68306
532664
468918
658793
556416
462894
102704
638432
208493
420566
618563
748687
59570
234487
609879
502762
596774
423029
404312
209953
315244
689471
594281
370339
655579
364065
317934
738326
320728
416533
45117
676938
506702
521391
517612
331118
632822
394736
519159
290997
372631
22061
494562
51360
383029
569009
177614
737447
613777
681924
389545
607130
313008
100665
598080
165247
594750
354040
329466
581213
477570
493294
331946
221178
549143
100509
595264
584737
61188
151842
561621
588735
337506
478551
220120
408959
611702
256302
70705
265533
646459
301620
572083
91117
471605
289028
665047
672124
625559
1415
548637
442383
440152
730262
649095
328215
280218
529915
389570
229153
570673
408431
453034
45860
415033
147310
30259
671342
205038
107022
480770
644990
636735
122957
69708
540626
299664
315970
608515
766935
456486
139483
361282
764858
140575
317439
212084
354887
325351
496586
569841
93813
51408
499035
359430
21138
245081
716671
743640
634594
518736
541458
675790
511369
23269
158792
90589
180072
550103
46845
614904
671032
705757
655281
11828
582224
521970
480250
599050
730363
100441
489815
208397
265049
842
322753
210320
599110
497355
231505
680436
760932
563975
374075
550320
358464
245196
545786
555243
639015
673365
454916
668113
119394
373657
101319
637757
106557
25180
212602
204763
758295
88638
630159
758937
472031
547409
758824
497821
496806
1771
240878
161540
325383
591994
32473
441415
4451
219330
261281
753650
442911
702201
516396
324996
169165
46485
594746
258738
321720
637809
657788
190070
122100
258883
572629
126600
371909
672861
50288
705931
343134
477838
478414
518948
274108
366591
665120
531155
38506
53648
32889
355079
415884
208140
259816
651037
766765
655117
104055
416326
766873
122831
153916
130528
285996
752056
290575
503057
451122
422189
753573
496826
38131
714517
231331
165068
286714
515120
646275
140422
630576
383584
320879
364745
288123
420107
42997
236074
755700
663384
129484
690244
534491
424826
301348
679803
141276
384353
635409
641944
206137
195356
86821
105846
436881
257579
187191
442372
81727
219206
419514
462457
30678
213995
265542
691075
218658
414787
722598
133997
586344
369602
625626
433187
721192
63635
754413
153062
612471
444635
214473
154800
195812
14013
85687
226509
375334
407781
296125
298395
718135
60738
125442
499140
91912
765257
478583
464977
320451
448322
615050
688293
7327
260279
567212
379865
100562
446679
559001
136558
292221
632998
565073
93221
138784
38786
744779
434810
18024
723771
604564
21710
547597
405006
201669
9686
539431
241678
666565
577373
388098
399764
446490
671840
572582
706593
446309
15883
467608
683909
237868
59412
616442
155745
667014
97787
300773
258045
199990
428985
309562
552973
522150
457907
13504
449544
733261
115650
52119
526865
514901
378210
167894
593690
680159
156521
774868
713309
538142
436045
387086
279574
556018
117404
431724
618785
773381
145198
314739
89429
658418
651240
689479
593678
34347
317272
278490
39453
315344
467112
645581
52145
683513
204401
641429
83251
180030
729094
531949
505501
276927
727345
125446
299480
430695
654246
568893
665256
749848
377682
173341
166209
139169
322753
754876
752065
520476
209206
659873
307924
571642
260198
154085
129028
172139
261963
700354
429933
561127
95122
630288
527730
186864
98245
508886
332823
707234
189580
298376
275179
531380
86227
234158
594092
413370
223042
685098
205372
274978
659249
271879
495404
425840
28784
30696
206950
273221
225268
115553
38771
104095
278720
694931
151242
508667
719799
122393
697470
730084
318585
540977
115990
522714
688595
691518
562154
303432
442087
232979
551279
634256
625796
333325
275573
456303
355310
13098
390233
252119
197854
512705
2110
687849
496547
260923
528162
337318
94566
744809
249770
609471
153314
666875
3855
421195
412304
8206
209835
697399
754744
596016
375135
466518
267372
715065
174511
711922
277055
672726
52765
329284
515491
353014
199190
88967
369058
159386
309348
128108
440183
331677
767768
273137
488639
423691
515200
91768
345392
167580
348265
195211
699212
427040
429354
578259
514161
285590
52254
602878
655591
696988
342151
747626
344403
112492
323539
88187
248576
162010
737745
365812
626518
402668
593938
33640
158568
246859
395522
174747
536377
607394
468495
182580
715294
671879
675716
160997
704854
604051
279189
65211
269354
629140
581860
286103
1127
333907
522983
694558
99023
402902
669312
497414
64656
430328
322251
1308
435062
639746
479988
750822
238039
624395
491837
404315
216978
321391
398878
443134
203604
768270
763684
565159
46573
623852
309295
652142
290363
425425
722434
177006
562261
253223
75874
146149
348813
433606
606659
413237
464801
715042
416168
456178
395508
736686
653372
456837
326020
406876
440386
475834
40671
372521
767159
279954
131540
579457
427937
432041
504264
164253
472678
643688
584955
556498
215690
472629
484196
698938
107746
681129
204933
447028
318949
520142
268464
773480
333930
367425
718846
383532
317426
139901
502037
280139
729038
202807
532859
48786
244442
252627
492732
597688
543777
736738
583754
283629
735642
392024
135836
136296
777614
469931
441196
713946
206384
484064
238326
500286
386442
576206
454090
588764
449377
377145
66715
341779
369417
44410
124626
189283
243416
82082
717503
198725
341066
253490
67314
152070
165882
766207
597649
690619
403873
592160
471934
639668
393992
673378
316324
450414
206326
156504
611249
627674
143995
124121
98817
435544
558623
521867
286904
79112
530589
367516
43313
641010
58665
278006
730155
745316
145622
302800
702872
430535
318209
17496
765053
703824
378464
94768
598892
389312
180294
314602
581957
633654
244624
153624
742749
454758
185402
448683
730488
177201
81502
724506
588169
121694
553017
770771
143544
684997
11366
642831
16195
93864
614662
31793
21412
21305
69514
299817
510069
113011
104672
387989
671035
311443
508719
9543
343188
212300
145250
36934
544199
1938
302750
241864
33762
402134
316939
476898
17403
61686
81876
674435
610653
764015
336532
675378
564446
522727
576637
346132
632741
307125
249528
744128
376840
371654
145717
181922
674993
626808
14695
614959
619734
631043
365655
720530
720682
188675
692421
389989
283223
438541
575350
123120
130878
60817
385071
421548
620858
300956
148971
19880
581849
609089
329744
675639
285545
180522
122113
711473
11009
752439
157361
174164
471238
416035
83566
371552
685983
334740
669283
47323
275330
489478
105791
126857
175636
657854
719167
388918
510065
609298
623969
123072
214691
486336
581214
695194
325711
184375
584957
159755
69591
537506
416800
468066
445248
678548
77408
561829
735263
27877
448556
154472
182912
681531
595174
316761
549169
749803
86364
245909
241581
159306
167692
328795
716927
16977
338377
65100
214872
674547
143965
414635
85224
398787
145824
114409
651214
184769
180931
531326
1668
489171
775904
15859
172792
99741
387635
358895
561741
125975
209322
112728
177401
742006
578398
684354
187623
19039
300047
112515
576747
704500
703453
78815
60829
338415
77362
289823
117345
49624
543888
328313
464123
358667
151112
145745
255696
745855
635463
471543
283579
451852
302732
293116
319324
71487
602732
490493
547244
397952
22820
245453
460141
311197
345090
65470
446441
115949
86543
294727
475949
533500
117242
315319
457922
684294
180425
512166
213733
139399
413207
156429
273932
401443
26521
462431
62463
200893
255763
730162
294136
90904
98658
235583
107719
367287
444667
83417
614868
162090
302630
119962
236466
68664
683239
659086
98419
355964
696331
105737
350256
212013
626922
534168
79827
68789
446951
433373
597277
756944
60140
99917
302887
224297
563205
342936
285788
315979
333388
300874
19500
70696
584436
436740
575333
125817
492009
242072
448282
677516
115802
499737
47424
343468
535003
578827
600075
346295
672319
347663
650135
765241
185203
332757
241370
618663
667816
602061
763329
86944
15644
210527
563007
683484
37400
633235
471333
476024
718317
190745
62198
322654
438384
358417
370287
19032
387058
316328
564197
156253
336450
726129
674251
223365
420286
616019
596011
656285
565830
661506
138892
245703
341238
442021
304213
604798
742487
65158
152481
107253
775512
769490
347394
251188
753763
252960
725595
277247
17605
320071
279314
380424
330641
584570
422747
146774
550354
44359
42066
723090
569571
761734
557904
715888
516924
326350
640054
121846
255573
657912
160834
422718
354226
420382
39322
399152
471549
628090
584387
308982
19331
470358
52494
180735
42976
295182
147045
674006
535195
529014
97962
32584
377539
382993
610252
499392
332496
565223
170965
427991
602980
329301
659589
50503
584706
737479
322249
712594
768373
209722
239208
129614
623940
611740
715974
488740
466418
727363
106272
693573
450675
176346
500551
501192
203904
477964
109302
96860
736193
274463
473133
541032
555111
728747
4647
77553
653487
640679
86435
2737
501082
375195
274101
152153
723178
256237
202815
485793
586433
508947
380062
656164
119604
90748
45033
563675
393512
683502
81746
650340
384443
460979
671921
656784
692957
130283
177023
136203
218993
613954
642553
221305
404717
518542
609956
495820
700309
106647
265694
426273
707680
253287
229948
716743
129592
595176
459914
181230
87903
313289
749873
298422
309059
510637
304383
744131
321549
178059
51811
191226
527037
543973
470212
718263
61432
13316
647714
262624
311827
123111
624424
62318
680236
717019
103113
524288
460532
330739
602772
644080
751610
106380
611686
445579
295241
109474
79187
377828
46656
197227
605686
581150
489694
762279
389032
484166
700806
99076
445147
135141
539304
134732
233762
256916
32812
767364
760903
198257
310818
602699
160211
769405
588622
333634
713152
743145
721660
307691
269121
215394
656739
766675
55619
475572
88525
750495
10767
36651
629691
91159
709611
170334
227344
465420
13921
288988
712840
460075
539740
529763
17672
69398
189925
360474
578491
644904
442737
507886
212815
360441
208979
704502
417676
92788
55601
27164
720079
20116
382438
767306
714443
56724
761020
154694
156001
28235
389828
477596
557010
649991
438401
705188
543410
386732
434247
311449
697550
575037
658740
689796
403382
47306
499909
592417
309559
271437
286523
62429
428463
286937
677409
140594
28244
731176
29448
85650
5747
75206
545921
299124
30241
303209
499999
760976
57231
325624
127294
753041
567820
515937
582811
219387
762939
628471
696920
39236
256701
80734
312381
73773
342551
607378
536056
682731
455551
347451
576678
550244
290762
115440
689489
107356
487639
273842
332980
710593
456394
403774
703126
225084
477821
260120
480536
392578
435487
232691
423815
61977
612890
26586
713339
706238
467441
263629
632069
431101
111026
567789
383814
14169
756659
568203
361233
400426
46958
439416
399781
41725
153974
142105
746746
319882
597311
367170
624017
277961
525134
449939
493772
694876
380147
221696
375916
164875
368504
321545
109830
415128
348115
390311
284099
669152
66143
61917
118118
715786
15515
530139
629800
695731
552940
50887
342575
87834
390501
54513
156134
65174
489733
391367
621764
427042
222011
303869
573700
404452
470654
583340
696866
179649
184874
587925
51606
365661
675273
225242
386190
666434
133907
542099
116423
273428
1187
150501
356505
665704
270103
707113
127286
502703
230193
392350
316406
567366
527882
32149
437560
419483
689485
68308
100310
388398
638896
493384
428308
468896
445026
574387
432884
173040
598278
64696
627838
224891
54623
405461
193380
98993
364520
330814
773182
690021
342737
19543
32045
659861
395864
525073
43139
417548
262338
755780
253119
415989
154561
100869
255308
327183
760810
373296
512131
141926
119024
350486
694532
766150
540590
405026
643367
650240
299007
442630
639342
545743
389122
611380
243823
151864
18469
534047
160454
549049
306681
373254
707128
300620
356382
460652
539094
746149
424155
245923
654295
358118
69460
89756
494911
683969
175320
6057
413939
543428
608530
174100
60743
127711
579264
731430
131834
312354
487714
743801
617711
604568
48456
130267
514981
223779
265895
133461
713797
381191
239352
299955
381834
362722
708195
480212
462673
303847
103003
257267
722897
349668
518885
447384
517326
740611
708332
776405
492734
348443
497472
216577
9833
630626
630993
617778
560428
585281
183177
693658
589386
48101
541133
411446
226551
777578
77476
680884
271239
134471
207231
118435
664444
198581
4350
232631
284498
473353
697424
597132
560539
665269
603732
720229
771922
356883
67598
27685
649221
194888
162227
618242
94400
527229
377158
274239
362799
262524
82934
49271
693741
672898
29168
152170
126689
718900
689780
686702
107675
740690
430657
150356
591416
224320
710338
765752
614379
263189
721000
274450
552552
2445
482892
348176
750038
159871
366404
656558
361478
42078
374875
447333
568667
523023
763008
366756
168442
73473
187747
615145
457574
631498
289327
183157
123401
486668
138311
88556
288564
106284
400486
467189
326250
341543
692020
52876
724235
740015
547139
121332
423982
247679
432497
30734
8660
220067
259130
131175
691377
323009
441336
741425
425208
583820
413995
689342
97885
514787
396883
294576
473065
335073
147848
58541
482770
742988
443290
294226
386306
710288
643212
368635
307496
142670
745352
638435
718880
497516
616519
644515
438132
684016
436437
533204
624919
434460
62333
687960
711814
723279
488861
402037
750508
200744
90035
743996
713541
369194
190728
81115
124012
727359
768761
613877
615730
207289
139300
340690
359194
735232
300416
135196
594661
585656
358713
555792
144146
476214
124299
735950
608569
272343
296774
486812
195240
299634
550644
654066
316518
648447
669788
645513
55925
209967
705383
2424
330468
547683
325523
369243
688687
585541
552551
37786
517663
511739
493302
466737
367314
33801
135398
409535
736052
503588
195130
731593
112993
637344
221753
232188
550583
387098
187733
25945
144386
539016
232187
104580
228963
46688
129798
704862
420517
565504
194913
185690
74509
558427
465386
645982
189956
5537
566616
508290
625624
211338
72838
181948
273974
505432
301720
101942
621026
331089
458287
213015
5155
99856
473684
57083
132207
268444
24678
268020
441130
22647
121853
480605
102742
733201
100838
536079
120307
425893
625560
721097
684513
206252
455394
478894
686009
324331
671565
241407
170642
203920
11329
454627
92082
728228
589569
746509
440184
628074
319435
258027
277980
283018
387537
561978
777132
598436
24698
137304
718799
90163
228762
199888
333210
158450
652018
455114
608604
652809
767287
539913
385722
83433
737864
306014
628203
707784
480299
625028
83575
681815
603066
122071
324910
545468
298551
596197
273573
1611
272028
470528
726526
498599
254348
65236
654438
402150
460659
193051
25699
483032
623620
463827
615166
241787
672995
555365
666212
487597
704863
256875
602631
327554
237284
573501
278202
102720
370388
736129
265084
113566
124916
492255
96933
220682
124866
134829
666991
115339
292375
293489
738428
314169
25486
734245
242306
145000
287547
496563
491940
727809
234990
233779
187419
546027
745139
198442
758348
203937
307429
197749
110783
96621
270516
18772
232900
713018
616251
316311
697515
642948
195763
634017
473687
632521
567176
376407
659530
95942
77729
558374
533981
656791
520442
450923
293582
282239
702236
87008
9884
694353
593676
64004
296197
545042
561761
396581
111555
761861
315561
346974
38355
404260
28206
219878
703781
546616
343724
406895
175855
446304
565807
127294
713069
393824
322462
279824
732939
588144
81208
400504
530125
522225
113291
365614
604949
433688
164060
462921
115644
733824
631570
191168
730876
499326
753635
270104
518204
23098
428049
443622
240268
387108
327840
679957
746928
390306
564054
404327
742771
567873
474511
119026
506841
221831
738405
295337
713526
546049
459820
751183
706593
164049
520781
167359
739915
485604
369690
621689
476969
444630
496521
754150
50640
320351
339817
552731
22554
516154
515625
718004
289918
493821
3629
742970
560915
738282
730394
196057
573185
206577
394014
279908
698016
676281
776633
395242
208788
48834
19440
370502
484773
138847
501644
475466
571343
15377
80734
350528
164989
229541
320572
736988
220772
706608
554166
238500
588220
562510
38623
497555
551900
570854
327528
567227
253437
344983
63103
750781
115798
324226
565947
358777
115595
489727
178689
774518
5767
326207
433895
226067
631297
593109
89059
753638
758421
167829
565922
78481
55835
184583
547635
2465
383764
596920
142445
512709
498738
330372
702192
536302
18703
11817
267368
712543
155370
285352
487282
155078
147053
214303
498624
596868
672267
640498
160106
419194
272371
323548
691807
88747
341612
237154
409686
331953
583320
209704
460805
668473
189770
663608
725872
112903
21100
304094
741756
567343
587056
737736
718696
517216
247902
91769
760137
63234
154974
131322
116881
302574
305627
276138
271429
158737
486903
335368
422361
322500
292158
125927
639614
426040
317927
667241
120947
275748
363758
204375
186321
259049
743265
314117
245782
283311
719653
526905
684667
717022
552518
342690
688420
521920
676408
262632
549781
442440
157778
205377
261503
486234
54863
729350
116864
668275
518862
653365
31255
262819
727304
133023
686960
151488
530721
393838
212548
445336
168305
380343
427450
2010
501346
405268
101927
209717
525021
93172
10580
548904
304444
89473
386448
135310
343213
188619
643179
157268
584333
397033
733344
638821
404294
767905
748371
665758
732122
569895
600563
287022
400780
572459
545887
677514
234697
101436
596975
328378
186985
506
310052
481693
641710
400198
508256
680325
1366
488349
104855
247824
427007
359375
500965
16082
168288
367030
460798
239226
151190
375808
623394
743957
14479
552672
117604
99665
242601
261972
706421
105251
224343
544402
267380
375885
192071
587152
316376
70538
654042
322202
249413
639827
122038
620350
437925
496788
47403
556894
253649
295699
545009
365074
498669
111868
113206
452764
610401
331717
371302
113667
347602
667231
48463
103394
368051
170513
31758
418535
152537
598688
247731
696114
252333
700981
749050
346980
368730
126472
649743
98729
58206
390755
533082
130142
451273
97546
610070
665305
553832
376689
37658
739548
11906
374605
662397
614489
91340
607510
115687
122317
463561
284204
701053
36421
191981
257545
735147
668223
37800
235417
658722
757211
719154
774643
517381
474655
396791
204437
500845
269172
9022
505309
424260
750361
656548
316879
739689
401134
649579
419250
568242
268291
242700
480837
288466
741729
376578
316600
560920
203110
145967
586974
125004
117339
17217
393797
454662
56966
395059
627368
633889
150388
650255
24512
724959
389284
22759
659170
445375
74070
188463
752196
264873
243036
226447
703155
148604
513906
38967
206138
478676
293009
500114
105618
632565
59388
131464
618964
232336
300190
636793
564329
452630
214700
40652
525205
107963
196747
251519
45016
310503
51770
385766
31524
40289
204629
637639
546718
574592
301722
136276
49887
462640
503008
362113
72357
597181
367035
424264
177459
403754
378443
404069
328954
258700
230839
726175
165082
521548
436126
737801
657587
439074
748789
128126
288332
289392
619413
535521
386302
474662
665933
267146
62578
217244
463305
320688
85714
470386
161787
761470
1082
472421
609202
170322
537449
747611
102400
18476
389020
767639
562980
326745
317716
124442
165878
743679
759501
381529
108815
103891
267596
33670
645226
409778
235304
266021
697384
32260
146651
298352
151725
30272
92821
77694
463040
279624
603815
487197
288038
123291
656316
490222
265931
529856
279109
571540
253119
464678
263507
431332
613345
490568
534444
489184
158510
282822
2676
748523
449467
274370
128810
674397
287319
681381
257038
687644
327858
198284
719418
44361
662854
20586
652348
462207
210166
89381
463583
225098
473010
23606
412774
362229
385878
25767
334962
549387
11729
83287
671222
280370
375672
521122
254072
213071
367116
679558
98702
61856
658728
294831
522890
345931
155973
560434
82926
242818
683305
45105
444016
681579
188697
134820
305582
224844
368833
5228
38754
258377
458833
589362
46261
616363
558914
50601
763455
14859
224823
625244
135781
428060
305097
579454
406044
165450
631212
243089
771218
728114
534162
436543
604465
34037
205108
240017
12724
89222
145698
297533
610500
563606
376330
354058
405580
38929
232451
351493
253717
111475
685464
159430
24012
733135
38438
718358
255837
673647
540327
424573
16843
524916
508357
619515
122121
71356
756496
591901
224808
462491
425438
598729
122587
623232
758010
119598
362849
78228
115589
580934
744875
41132
760861
42759
335763
4936
392968
710092
71391
560830
95835
2109
507795
60329
550182
495992
158924
388964
711338
247037
365404
299589
677340
42794
474507
229304
224070
193122
36196
184661
526385
607318
143299
326730
148402
77886
96321
28208
383800
328314
26698
98312
544229
92886
177032
77104
356618
323931
67975
402630
111548
589762
427416
534964
216933
454939
742011
503096
707553
388408
692240
482039
518861
451702
382479
58205
178626
286470
388365
487300
370287
92316
605527
698197
236096
753725
249084
4967
538154
752148
122200
641152
335206
452773
248114
446009
627740
188111
689359
384826
765920
290200
297714
756509
211004
441876
58266
49294
536931
489269
745645
211225
30720
115240
328597
518613
702875
45167
574855
578950
311235
335196
389948
495637
666508
526910
651683
388739
273946
229773
490844
94564
13908
595753
407393
556797
673739
385100
177881
652933
601855
481366
393885
66062
349130
266525
515255
544310
602538
208591
376926
757041
700994
336252
699195
205628
177614
486172
232952
694416
383846
109384
333165
749033
319485
482189
668269
124593
206816
127923
561977
349948
515781
282900
527326
344964
152075
105314
509247
103457
718817
156623
33471
98180
469501
759446
472919
345511
517234
374729
418913
481136
349392
513202
739997
466993
334771
570816
706831
42009
133165
774501
499654
544619
69214
529019
243617
741304
90031
307227
176118
227923
771306
31548
101954
62659
630206
239755
327177
149935
538755
699564
358524
532715
433895
136806
683495
365611
660995
354951
410999
574358
22921
365212
577782
752388
563626
288463
61445
640340
650624
607251
86179
770582
700856
728503
472473
464909
325257
319019
341701
397285
432245
225160
507490
539468
182778
653330
377914
157431
270736
475778
269204
389555
32626
274685
368357
146863
207256
510176
113809
240415
216090
212024
527700
558752
243164
23244
664001
186447
533624
5122
164627
223589
560056
530495
42324
196430
288079
183314
107609
703274
77809
483421
277185
670022
205193
23373
275636
528035
97576
329647
31677
444356
713717
568637
287343
169670
471450
221469
283752
601731
538364
302150
330211
111884
133026
606228
293326
766079
94932
189378
240524
44939
414583
403227
754590
150809
559437
400905
493752
640080
100124
369853
359210
329492
357900
146705
624946
760982
343962
642846
519348
749367
283224
772993
623447
631779
256793
120957
468264
331806
343104
601151
608908
756281
651725
403804
516723
88581
575794
2634
254480
109197
212089
206652
635503
708795
107157
711476
455501
273578
605506
478160
320349
188605
333375
162978
70005
218435
204260
280923
277143
4476
175211
705348
371470
724435
75162
390408
653026
231059
580817
689475
223542
251781
195650
488607
610773
201183
520911
769869
46287
727816
641564
651748
428608
268622
53897
401505
768364
245883
203865
561166
663722
293321
440557
70617
263188
493035
699454
632963
677588
145733
442983
672139
546505
776310
489171
199551
748240
282559
276294
115405
32011
223250
608213
638676
470030
742334
515669
611653
668218
372515
100379
248062
277344
325544
651598
398727
522274
713816
252083
5577
211504
176184
480042
460538
459214
268237
64557
317336
633502
170466
337437
310384
293008
444038
545930
183244
570188
735806
276070
445024
480319
688251
150816
519167
529019
140409
429321
620042
62710
214696
685023
307685
626777
187900
371128
576972
538501
203194
52585
629582
34847
273795
513842
513309
262580
757040
106254
344380
330660
743791
669951
293178
259496
361724
442805
522992
663979
162831
620454
33215
532849
661530
49177
278104
364884
753806
80149
61326
680775
506814
640060
552732
218135
698820
498866
138582
199354
86408
616973
320172
751330
731528
733804
86382
100489
683736
382333
464521
725056
59374
615934
315756
5926
684578
291402
537575
767135
424008
414138
551235
671505
461264
238827
710891
139771
549259
625693
738326
448713
85617
678828
65029
270900
623278
3742
638362
77335
353794
682707
369830
252807
511028
655010
666090
309171
514290
729239
192473
239677
317518
397100
429733
514546
29387
522788
453256
524955
525933
495255
704289
355687
87896
233477
103856
529737
252413
346093
108778
27597
611636
418998
485976
455842
409846
527219
144900
441711
648945
65801
285704
224923
331777
566836
22920
373723
497850
476812
364232
750821
753716
174165
260412
467337
280329
245207
229523
536797
693869
96153
337024
415272
651188
177705
192491
87798
608808
19551
4057
544462
736025
184813
127690
150405
15934
367937
149841
345709
39113
56125
500656
144961
241040
610761
518755
29217
573230
356721
10027
384291
237179
602799
439623
446625
30510
753895
727008
430809
333638
338023
10111
134477
205350
664741
190602
688259
730973
328461
450986
233235
618648
243616
9774
269074
671665
734813
433989
504705
630290
625418
553384
125709
199973
292138
600869
202615
506655
455195
86471
462817
479995
47329
507028
554395
556228
695094
555855
438557
304056
365798
426704
99193
425119
756502
399104
646485
23193
370207
62141
464590
128813
246831
71277
601048
33229
183479
674548
599732
557836
48345
249978
764195
337698
563388
666303
278723
343121
576505
110201
158664
547264
125729
504973
550801
452815
550716
650879
760334
27783
53142
3747
589312
13835
565798
481920
456496
249335
287241
135034
98457
719908
159146
751761
113233
524825
134749
203966
634496
689400
374128
728640
102597
609910
250805
276682
566393
324532
11412
50983
57951
48655
243606
325309
325751
197009
180906
495514
131890
152552
241151
384932
312802
260644
550185
192179
281474
288555
369891
484424
172692
689140
578519
654383
309021
640125
147557
506872
512765
485897
755707
246532
660758
748635
462792
679728
38513
17969
470471
379776
281472
431400
94608
364844
179648
181306
199901
179980
682589
39160
445508
240025
218288
293362
64894
657394
276756
554794
390009
281297
449689
261776
725539
523065
43621
161711
291743
379081
128971
71190
683330
1926
555849
333801
56379
632135
709639
254791
693866
101624
389025
594750
332268
698454
695284
559307
236549
245371
288114
210143
222849
511875
756934
304706
37910
277787
194462
56310
261597
754344
685072
290244
26372
34339
738154
39474
56198
502291
750632
553995
71529
613259
673177
494776
309818
317362
642425
545502
146444
242275
447235
361645
452844
744233
609806
278897
221135
630809
624950
167884
641492
327887
266105
318563
576764
702695
772829
600793
165956
615480
348504
151692
72458
377360
401150
296993
207454
267900
238521
264499
479963
64494
230610
197297
46359
81472
321101
527822
726594
9093
566151
5861
353909
441764
585732
176711
541851
175027
329292
467461
508314
159035
58753
3705
149100
688514
139891
272455
620764
164142
271690
756048
200538
759409
353411
67767
252479
228870
176947
207956
737706
776767
345345
366364
711012
415314
190228
553088
430116
202054
705028
618692
281231
358252
605215
282994
495086
750563
452641
29803
237327
456616
239704
703493
95461
11156
629668
698413
689165
311514
253774
477306
242808
289598
198825
567795
693486
58006
581880
687979
675380
80246
671184
682700
276245
546628
68854
300480
37369
107212
93535
658105
464134
335444
95103
13532
737645
218447
471798
748607
523864
153431
35177
37223
244565
19031
121290
611657
739535
325915
184354
556700
607327
414569
249567
235818
181730
461053
669270
220452
325094
693958
556857
457156
706327
398629
437208
697692
72965
107629
448459
411713
748421
646849
485080
239866
519332
194608
386539
455951
488236
698299
735479
510723
639468
235168
348105
375189
737782
748550
668316
81003
552006
405410
394434
33283
39763
607429
637517
131848
30193
597320
393322
450027
641240
20499
571990
317111
440376
109446
401242
236235
208803
71375
83736
615800
306118
79208
690111
220078
457428
123443
746207
111643
399114
717235
297138
722862
682570
85014
178583
182556
503261
379825
685857
216907
98363
364384
352999
530272
404767
711171
59405
217893
465158
68441
247759
126192
97947
529241
607521
385255
198634
27881
30706
400466
115417
339954
120263
751474
718331
469021
685284
689570
141983
109748
492669
269830
178711
31023
687848
96140
561305
116045
503297
662565
432737
642986
5602
581888
304755
201290
593156
453458
703170
416112
724436
562586
580589
565082
723519
664691
657843
390803
129625
413041
606286
574843
606415
279890
670089
493368
348245
239822
79102
590515
609442
46175
606839
344909
290086
504698
67377
672129
56189
489919
295807
227701
647459
752914
733621
59392
115593
117055
300757
387055
480131
629386
767858
581932
149121
116417
754132
141651
738234
210790
642170
541464
192848
368246
490142
695202
411080
148864
655642
288590
131170
300017
661122
544044
764205
302854
129295
217187
182046
609817
517959
101417
138422
527938
80395
315779
319984
541336
391338
148191
629235
294836
758869
357658
706584
544555
30980
80888
229368
74310
372692
155276
252088
403522
554583
707026
463514
583824
333239
431
476674
412263
417342
173742
459282
516937
154601
530821
750531
191938
296089
626875
423729
544731
457209
754517
286811
310619
510902
69018
442417
159839
428961
219442
339185
689152
756571
516362
66151
402295
770955
658898
690437
444036
657299
708642
374046
291251
15458
142426
681319
136310
308905
731640
159472
150292
409227
516575
38264
104138
9056
30328
743406
369627
293363
449726
201969
475784
762681
542154
111800
245688
672306
10847
774023
468873
773771
403894
564035
526626
746265
591632
178030
201600
706812
380496
533170
240965
622721
165887
724996
218603
380645
112551
61810
261625
105714
45659
334387
748230
573922
378982
137727
526722
94537
736600
319484
26102
265407
424651
342826
263127
523195
396061
647849
725781
280246
359932
218897
229647
737236
748624
736984
553936
306705
34394
686400
693467
14710
652936
752967
267848
315861
437584
456408
99684
176634
494248
392103
564891
369317
685461
320875
349532
581833
362368
373997
497081
1559
674529
169765
494537
447254
231780
252229
357611
756832
101645
107787
159298
109774
179061
64977
119942
171154
296986
415562
699476
389708
652667
105083
323912
375344
762035
112566
508165
425196
285837
380951
448766
618402
426969
76395
683450
411581
278867
407655
589847
750813
49809
8521
555745
295922
669876
452872
324570
714563
368939
437823
576395
126152
596490
312184
184242
155514
746599
261933
747853
417063
738792
430538
385597
659022
335534
465837
688585
265946
748376
357102
418862
397969
48800
32444
575686
327320
776301
689467
292617
24879
680461
295856
233825
15559
534057
86606
378419
193559
664145
84687
718099
118226
138716
745057
589641
682084
287221
315013
445237
682502
282427
347495
573433
597328
239947
634521
154869
659946
59745
72684
472423
737328
215997
154352
152015
617211
742751
270086
177810
308723
630143
395959
551512
299176
565034
510422
77229
193250
356463
302505
131138
217795
747933
246791
188183
54560
497970
688209
106621
111757
146887
193725
703155
81552
676190
247981
139723
198595
220628
386053
348043
462657
152960
626137
612042
554440
460922
111135
648797
728104
539426
306812
5960
157652
761135
529584
200438
301369
321295
392870
17979
161280
64251
769252
506655
561691
140319
114028
651075
591477
629426
215439
715424
344266
231160
573156
543601
378960
767135
408893
317598
621450
590697
746
197242
78224
552182
359499
636178
30355
2954
441573
644327
502439
37363
654690
302016
506651
645404
315216
230430
38805
618157
253711
165819
643749
691877
153025
501125
557004
375632
52380
486749
616967
474341
325909
690811
611375
534255
282885
209239
640810
742096
262500
540941
235559
185786
246648
294825
156286
413065
709801
531558
18481
42209
25702
445833
288077
9406
51403
525015
663633
175958
224845
386809
87486
236496
68184
696043
350318
275144
153856
417711
747246
45864
582470
438749
162752
43258
397004
224264
317551
706269
259648
340999
675216
534307
40597
143921
10363
727085
680329
183440
669217
521174
470706
741441
27075
565918
456811
507312
681600
177782
619315
614247
554728
257073
41243
693906
520314
218843
224257
546133
512231
8557
328959
448897
264377
155754
461556
79458
408944
669187
92222
707951
412320
117724
159596
332014
717680
287158
663010
608382
663629
355767
459450
574610
351846
769357
277601
332841
280157
630111
228448
360138
403631
220797
290134
324577
143142
453590
134424
618330
137616
68021
54093
557631
75952
298039
213412
270064
725433
75926
771065
598696
61879
428279
96158
278644
56389
35788
307343
303208
156269
456709
141317
240588
490041
605176
31886
318765
4225
369894
426740
414417
228720
306849
445102
605167
474871
705638
324357
456776
518841
699127
184589
682370
469203
205457
330733
684541
195853
732828
404471
76500
452483
381914
659928
107398
389775
156037
279953
593940
183603
182335
343906
707479
610934
274668
114037
581423
316438
123904
716746
429268
529821
707276
390250
724570
612523
525963
196720
27253
148160
188918
443735
766186
386764
174156
351820
555304
768615
236306
234776
213393
489318
446719
505995
101530
12829
28622
664113
433247
696907
743571
142496
648573
733531
683343
461315
376335
700937
128451
72274
770998
660492
743284
244429
647928
215269
118753
596964
246947
500146
499141
476245
758623
623400
339320
582087
405173
550609
597255
663495
693020
541241
383813
555176
428586
207926
236004
290327
32922
445513
311435
626870
771676
611824
709933
573553
390473
327306
210017
1174
411436
459820
53645
33582
222875
618001
250741
200518
683148
529841
344746
22278
177094
623800
51271
722275
32686
448636
248271
708462
98349
495694
83512
545818
454327
294866
73867
641143
278214
165867
427064
654363
678841
67124
538327
15563
485346
256558
566461
633078
521316
299914
33267
293120
538551
718207
455581
228294
769319
50740
453995
693905
616267
178605
150528
488143
691629
527077
130677
668725
703531
52537
472412
44675
579827
331191
340814
132466
66179
436485
730238
519386
447075
376022
345993
516846
516330
139804
565074
299325
136879
750693
63061
592199
704662
420311
436996
98557
725513
100725
715516
695747
706702
60852
47985
447697
757616
121691
732611
531052
371444
4515
397795
173570
101041
194500
70705
52672
711767
738387
577994
493704
615804
238782
43541
325412
454406
504258
97710
322302
183884
417100
528161
117172
370732
399703
319171
294536
415407
539052
656115
352374
632980
208302
704716
192346
439924
516078
32245
192210
144463
154219
360968
476627
338795
313999
39642
237624
142481
250530
401527
761001
643622
495583
682811
269905
104834
558576
503283
137338
258895
41951
601331
693778
682091
88309
277350
303362
759312
201676
775835
407275
597863
523796
95948
105869
97502
640752
719963
523089
366493
549015
59885
198517
485908
521344
595198
38484
480036
397556
694325
209874
19683
682802
293569
691133
762323
475790
602652
432682
427031
213317
671238
340674
571060
486703
323210
542742
183929
84306
151064
720941
195453
481408
49465
242721
160217
8437
688157
546940
460033
346596
445187
503430
503622
665199
375743
83957
536819
570915
116192
645711
758508
106358
45972
69777
527313
774773
548289
628591
667100
619971
726140
461462
605333
753234
341850
408935
650457
257728
227092
622016
771845
144844
388997
776062
349041
679207
465125
772650
523457
113995
661019
390675
151035
8483
717872
122934
336782
645687
286662
581168
742933
772094
660515
653415
309198
75383
554645
140787
270281
480391
681363
463838
490424
373662
625538
280673
408193
531026
509509
665894
46424
50420
656846
568340
515042
754595
30531
476474
581295
513936
203655
501020
124450
681698
462551
373123
691196
647092
43817
565511
432348
329229
56174
432386
739737
517225
338016
683587
139898
180778
301119
483466
344823
706638
480378
693393
122338
760078
41572
354043
533761
551859
521046
365022
470586
245762
54970
728824
111659
130339
462749
14453
361162
205879
737459
587748
708356
761450
275926
554241
458701
311139
174427
509026
736988
577881
290651
538565
702573
554827
289386
733221
80895
84368
223340
303599
574488
584311
47580
440790
103897
174790
489571
407080
432190
263095
120097
711540
159403
1578
50981
28561
518664
345045
418677
90404
166181
387445
87594
456812
654506
117859
650466
627631
363961
659353
341768
395424
567924
596856
567733
604106
304450
52453
109063
570573
197026
197649
425010
713437
626294
283630
579280
77546
565714
212400
145547
25041
695474
720164
720326
178368
325268
323795
404292
429415
122935
761865
689251
114295
479037
61160
326645
721947
262873
88050
61230
291857
203889
320480
301633
592140
417288
83854
87450
485318
59748
184437
596963
231956
668644
666614
400466
290482
153830
101254
250248
473839
236814
401308
19253
161414
614464
208273
478498
479905
375762
764680
459226
624961
260591
325168
93496
194895
206677
562321
560496
107048
470775
502902
514090
543157
80637
319187
607665
92450
106730
138711
102865
337595
197891
356286
133365
472142
388439
447961
303989
44107
740320
625395
394861
604325
686645
29087
294273
177314
299196
334701
103931
86875
346460
14161
952
183858
434512
293574
589262
256801
535979
353688
245428
548091
706363
507885
277086
354097
549016
682841
669025
247896
203164
556864
281907
427229
121699
527242
385482
69851
202558
334943
641859
469758
758772
603969
414257
461963
644817
241744
278009
149531
422951
589079
390553
396219
95855
298308
287915
362378
584812
271082
215254
16769
333737
529936
702565
249865
310343
99484
126322
366725
126024
331277
582537
150551
394788
159128
4298
343122
150766
12254
15731
136551
677367
6274
218764
625762
469496
208892
162311
481118
752789
18281
481463
640021
160833
527504
654948
671388
732966
516968
72181
213685
728258
13897
104989
128355
317831
103915
433546
734283
90137
192497
617203
4285
55831
628223
749196
743272
481884
363499
347344
668942
710230
679200
754691
609907
252223
591958
209985
550117
62
116948
200528
271321
75061
76382
658685
204634
422780
577415
348360
2609
225420
531317
638010
285147
564758
536780
83247
399459
530730
520491
373911
479768
486375
377144
625441
728825
29896
233907
364067
743319
270491
582514
768802
31843
729759
590149
67642
772499
666450
626127
359158
241492
185830
500323
560650
348749
147555
450097
131025
254679
204692
534259
498931
554325
133507
625088
583736
742173
541978
601113
624149
711651
765437
319591
719627
52456
596069
188233
175140
294992
105619
658100
381118
399546
638089
89342
34745
11903
436913
709395
469585
670993
958
272408
508548
401936
164944
64523
4526
109202
737566
538313
545342
24443
108413
28145
662958
657459
582611
521748
461178
83946
155685
557800
168266
446530
169899
697766
61969
339773
85022
522077
312057
75258
714914
44945
430445
557544
393567
357827
584866
84044
195188
571829
700452
394099
473809
754235
53257
166540
164098
571894
629603
269256
222996
109221
40825
345986
40485
766246
125752
554399
598024
638502
319202
460195
495471
381206
383139
762958
275369
270661
387953
487905
45024
9090
397315
462202
139061
766913
442957
716028
770048
60860
704947
616153
307271
476345
761966
181748
697133
706634
258829
367246
590520
361865
684440
750659
680813
381675
518503
6520
621188
283469
485669
240288
352538
47315
212081
656846
450711
777040
247648
458705
361024
380097
446726
113604
561869
47025
240835
575210
387620
258629
338402
261251
519856
19496
279085
264191
591186
607101
521707
754550
631180
101891
508964
390326
188507
518460
381399
563389
592385
354697
155969
169081
481429
291447
491784
77281
136045
614012
396889
300329
65667
247711
635555
124980
28439
582978
486989
633778
763785
55981
564342
515787
88219
694060
619662
691310
456481
460366
758891
688966
69746
547391
27465
760647
325153
245634
76421
227849
629466
77968
647374
334239
400385
385355
505004
69246
223343
586824
103957
36669
485995
422802
448205
526975
713842
358272
543651
709429
257742
769299
315383
495866
675649
592870
62725
167370
436378
124106
521148
214419
472655
687798
374675
529323
137485
538227
12765
270898
223859
73184
111880
740498
721504
491421
172716
359403
127944
29472
420965
239677
43462
457502
759266
532344
600554
88365
459756
461901
474840
473249
272728
37894
695959
715004
76948
99742
368983
629794
129489
698048
754003
637168
87229
37370
740731
210443
122300
206992
169783
713466
410536
579527
672234
466475
319334
467062
419042
137233
44234
542017
167941
397601
401782
318789
372059
397390
92626
448117
299707
228544
269123
305594
749373
417064
632393
634347
361923
697727
567300
680954
751125
651124
15139
102748
535267
607025
535860
570295
647086
86905
720563
660665
611793
171408
403358
761662
654613
88627
26751
237206
415834
336447
328313
699110
761533
711924
609888
281749
312718
702827
371671
459532
720860
341755
487664
332624
759413
181300
213017
138530
228034
347557
361082
318462
607714
90290
111001
209062
583391
234256
616413
685123
690080
362181
96734
94462
236919
52947
343121
334040
327953
489884
574947
319675
620974
133365
258166
708379
527823
655977
432690
194146
667761
704296
624307
213037
155736
627291
77489
556418
196860
222809
603325
725199
35943
82347
761535
617822
565459
617252
481294
348393
462755
242873
329877
626921
675301
456089
168416
48003
13011
362799
174378
121755
380877
606155
468111
565387
177654
354722
215933
442801
159396
177446
451040
70846
200591
441527
334542
456938
115662
382136
744934
623523
496700
78766
68837
727453
684171
496736
257495
490479
38299
158106
426248
753645
175931
225101
461544
69885
731834
234690
334782
751437
670260
647771
130684
420104
755919
79619
27278
172019
101328
561235
135365
96099
406976
463167
329079
277547
163380
329227
412548
415285
613915
583984
268314
775842
574881
151898
606329
465845
364527
243252
262445
207685
13368
235081
423008
142875
411205
202314
356339
653192
267606
464794
764571
88495
333715
188310
532329
247907
120501
175189
356909
202047
335750
328696
112377
424052
769605
500242
215063
124617
420777
39586
100819
371763
291759
283540
105651
31795
407426
29287
623557
638412
387662
226469
291640
106496
366771
254719
427308
166999
260182
297285
145531
450202
154845
189528
50441
116569
86977
203379
285890
427222
561374
140019
82162
301509
32549
111718
313663
621406
368501
103561
652541
311829
596836
497016
161610
135405
111767
137925
409794
366677
63520
457536
254882
276784
725696
181174
250003
384967
705541
34460
709832
107503
130844
766593
344925
697848
46086
609711
334761
610428
438062
280557
364613
255983
375493
531010
260717
137556
178134
138618
487046
135460
114105
239029
633116
64354
430899
704148
346844
654738
558364
719841
275451
650880
668407
337304
